Hypoxic GP1 Information
Socionext JEDEC ID is Bank 9 0x57Architecture= 9, read 0x410fc075
CPUID_EXT_PFR0 = 0x1131
CPUID_EXT_PFR1 = 0x11011
CPUID_EXT_DFR0 = 0x2010555
CPUID_EXT_AFR0 = 0x0
CPUID_EXT_MMFR0 = 0x10101105
CPUID_EXT_MMFR1 = 0x40000000
CPUID_EXT_MMFR2 = 0x1240000
CPUID_EXT_MMFR3 = 0x2102211
CPUID_EXT_ISAR0 = 0x2101110
CPUID_EXT_ISAR1 = 0x13112111
CPUID_EXT_ISAR2 = 0x21232041
CPUID_EXT_ISAR3 = 0x11112131
CPUID_EXT_ISAR4 = 0x10011142
CPUID_EXT_ISAR5 = 0x0
midr = 0x410fc075
mpidr32 = 0x80000f00
  DBGDIDR           = 0x3515f005
  DebugVer          = 0x00000005
  DBGDEVID          = 0x01110f13
  DBGDEVID1         = 0x00000001
  DBGDEVID2         = 0x00000000
rombase(DBGDRAR) = 0x0
offset(DBGDSAR) = 0x0
cache_size(CCSIDR) = 0x70ffe03a
cache_level(CLIDR) = 0xa200023
---Done---
--debug_boot_sector---
start_sector1 [0xA4570DC0]
01 00                                             |  ..
sr_offset [0xA4570A00]
00 00 00 00                                       |  ....
dg_offset [0xA4570A04]
00 00 00 00 00 00 00 00  00 00 00 00 00 00 00 00  |  ................
00 00 00 00 00 00 00 00  00 00 00 00 00 00 00 00  |  ................
Who Knows [0xA45795CC]
05 00 00 00 09 00 00 00  09 00 00 00 08 00 00 00  |  ................
04 00 00 00 83 00 00 00  1C 00 00 00 30 00 00 00  |  ............0...
06 66 06 00 64 46 00 00  13 39 00 00 26 00 01 01  |  .f..dF...9..&...
49 00 00 00 37 31 15 00  36 11 15 00 38 41 15 00  |  I...71..6...8A..
43 F1 15 00 30 10 01 00  30 00 01 00 30 00 01 00  |  C...0...0...0...
30 F0 00 00 00 08 00 00  00 08 00 00 00 08 00 00  |  0...............
00 08 00 00 01 00 00 00  00 00 00 00 01 00 00 00  |  ................
50 00 01 00 D2 20 14 00  D1 10 14 00 D3 30 14 00  |  P.... .......0..
DF F0 14 00 11 00 01 00  10 00 01 00 10 00 01 00  |  ................
10 00 01 00 20 00 01 00  20 00 01 00 20 00 01 00  |  .... ... ... ...
20 00 01 00 2F 80 B4 16  D1 01 54 24 D1 01 00 00  |   .../.....T$....
83 1C 02 FF 01 08 00 00  30 01 00 00 00 08 00 40  |  ........0......@
30 01 00 00 03 36 03 00  01 00 00 00 28 11 11 0A  |  0....6......(...
07 1B 2F 38 04 16 14 00  14 16 07 07 12 07 5E 00  |  ../8..........^.
00 67 00 07 04 01 04 04  80 22 16 0B 2A 00 A8 00  |  .g......."..*...
52 08 05 00 28 10 00 00  28 0E 00 00 0A 02 00 00  |  R...(...(.......
08 02 00 00 00 00 00 00  00 00 00 00 00 00 00 40  |  ...............@
05 00 00 00 09 00 00 00  09 00 00 00 08 00 00 00  |  ................
04 00 00 00 83 00 00 00  1C 00 00 00 30 00 00 00  |  ............0...
06 66 06 00 64 46 00 00  13 39 00 00 26 00 01 01  |  .f..dF...9..&...
48 00 00 00 2B 51 14 00  2B 81 14 00 30 D1 14 00  |  H...+Q..+...0...
2A 61 14 00 30 10 01 00  30 F0 00 00 30 F0 00 00  |  *a..0...0...0...
30 00 01 00 00 08 00 00  00 08 00 00 00 08 00 00  |  0...............
00 08 00 00 01 00 00 00  00 00 00 00 01 00 00 00  |  ................
50 00 01 00 C9 90 13 00  C9 90 13 00 CE E0 13 00  |  P...............
C8 80 13 00 11 00 01 00  10 00 01 00 10 00 01 00  |  ................
10 00 01 00 20 00 01 00  20 00 01 00 20 00 01 00  |  .... ... ... ...
20 00 01 00 2F 80 B4 16  D1 01 54 24 D1 01 00 00  |   .../.....T$....
83 1C 02 FF 01 08 00 00  30 01 00 00 00 08 00 40  |  ........0......@
30 01 00 00 03 36 03 00  01 00 00 00 28 11 11 0A  |  0....6......(...
07 1B 2F 38 04 16 14 00  14 16 07 07 12 07 5E 00  |  ../8..........^.
00 67 00 07 04 01 04 04  80 22 16 0B 2A 00 A8 00  |  .g......."..*...
52 08 05 00 28 10 00 00  28 0E 00 00 0A 02 00 00  |  R...(...(.......
08 02 00 00 00 00 00 00  00 00 00 00 00 00 00 A0  |  ................
boot_image_addr= 800, boot_image_size = 0x10800
Now loaded into 0x45700000
I:0:T01000003: open mode =0x301, accessmode = w+, fname = C:\bootsector0.bin
wrote 67584 bytes
I:0:T01000007: close file ID = A3D10C00
